.Random.seed <-
c(403L, 10L, -127509944L, 410191222L, -1952508751L, 818174179L, 
1729451954L, 9373700L, -1105896633L, 1243968029L, -1146697580L, 
1881327674L, 484289157L, 1939921759L, -605342746L, 1388920432L, 
817918355L, 1793472049L, -1482773280L, -1765835394L, -11161591L, 
-422240197L, 537701898L, 383909356L, 1508307567L, -1658962523L, 
1319271772L, -1327201998L, -1876451283L, -1534943513L, -71388146L, 
-1279214104L, -1188599829L, 749058185L, -849896424L, -1726022842L, 
937757089L, -1656309709L, 1624405410L, 575099028L, -67537129L, 
-435748595L, -616404956L, 793110538L, -1678647947L, 1404603599L, 
-2079399978L, -179249280L, -80849981L, 876434785L, 1628449744L, 
1678560046L, -2063157543L, 643523819L, -1946671782L, -505129188L, 
-1088450017L, -329403787L, -581730548L, 1623225058L, 2033149885L, 
1094901815L, -255251746L, 1774589464L, -146327173L, 427307289L, 
34299304L, 1907130710L, -1319271983L, -619200125L, 39600146L, 
117093284L, -24198297L, -1468835651L, -468213708L, 271856538L, 
-175915035L, 480316287L, -450921722L, 1977480336L, 1076479283L, 
-677895471L, -78141312L, -153726626L, -2028575063L, 1545294171L, 
-1268008086L, 1559212556L, -1669672369L, -2060288251L, -737216580L, 
-1830079854L, 147552653L, -915840569L, -1105263954L, 1173064456L, 
781367563L, -736000023L, -258056008L, 1520256870L, 1122919425L, 
1203982995L, -1261013694L, -172172556L, 319301367L, -2028443923L, 
1509192068L, -1847066710L, 500073749L, -497700945L, 1801117622L, 
1423558112L, -637903581L, -631279039L, 1874926896L, -1861896370L, 
335601081L, -1109033013L, -662784902L, -64576132L, -1037779521L, 
-437257579L, -677582676L, -1071058302L, 1571797597L, 23375191L, 
-1780690882L, -1323752328L, 813985627L, 341547705L, 2132784904L, 
1954713014L, 1353700081L, 857085219L, 785731442L, -1848533564L, 
834413959L, -1141381283L, 1152788820L, -1013732486L, -1920333115L, 
506895391L, 1935682470L, 1328786736L, -493776941L, -595231247L, 
-473445600L, 1320478142L, -929964599L, 848363899L, 1747633994L, 
350345132L, -1829773649L, 2033867877L, -611873764L, -976379278L, 
1254036717L, 806751527L, 833993038L, 864901544L, -326902357L, 
1085699785L, 317288152L, -1772424314L, -1732647327L, -2129534989L, 
-1453829534L, 1932305620L, -342374953L, -838455347L, -1186256028L, 
-362123446L, -1132972363L, -130568689L, -49709290L, -106878528L, 
1090435459L, -2142552159L, -766251120L, 69653614L, 989307417L, 
-1648366933L, -1551995238L, -253236644L, 259110751L, 798312757L, 
841394380L, 320295458L, -2084647811L, 1927361911L, -648578402L, 
1057495384L, -770842437L, -1480384935L, -531173912L, 187185174L, 
1395295121L, -840618941L, 1058636626L, -475101212L, 155678247L, 
-2033201539L, -368349324L, -324861094L, -1916537435L, -198495809L, 
-582796730L, -248719152L, 348730099L, 1704305681L, -137514432L, 
-1560173026L, 1302786281L, 1476137499L, 897446442L, 1773573452L, 
142079759L, 303020613L, -448762884L, -1626607022L, -923971635L, 
-2071246457L, 1219509358L, -1371208632L, 1067163211L, 404263849L, 
1371020024L, 523759142L, -1013053631L, 1232270056L, 1011782380L, 
789093436L, 376083058L, -623938448L, 29017636L, 1722827832L, 
327432218L, 576707280L, 1501451324L, -1429330796L, 712023170L, 
1169115072L, 1371199804L, -1542204784L, 1722526754L, 1536967688L, 
-1857714036L, 2117811228L, -781560174L, -318405504L, 580227092L, 
-668474072L, -477606342L, -1571658544L, -219622292L, 1354445492L, 
-954132462L, 1014269920L, -1235308596L, 948669920L, 61586978L, 
1063397672L, -1509650164L, -1489279428L, -185659150L, -1695274256L, 
1544213316L, 1969609304L, -1565818310L, 105842416L, 1279331516L, 
768019988L, 1887273154L, 1869750368L, -1413108356L, 626605264L, 
1806519330L, -923321688L, 1489878924L, 1920375228L, 271942706L, 
1274971968L, -1206200140L, 735818568L, -1377744198L, 832507664L, 
1843116268L, -1833544620L, 606385938L, 1430533024L, 58826700L, 
1767025504L, 379936962L, -667007448L, 1423513004L, 1692913468L, 
-1687724174L, -1436126416L, 1021288996L, 613740600L, -1032712998L, 
1977598352L, 246593276L, 1735266196L, 1958339394L, 1005443584L, 
1574707772L, -517286320L, -1949887838L, 478001992L, -1849026036L, 
1389604060L, 912994898L, 2037172352L, 1011956564L, 1805062632L, 
-1390318854L, 1751373648L, -1204706260L, -1867278988L, -22585710L, 
262322784L, 395989644L, -1860113568L, -1208044830L, 1844238504L, 
174477516L, -351714820L, 676134834L, 589796848L, -1030443580L, 
-89884840L, -202122374L, -1778205264L, -1024818756L, -1416814508L, 
-1501400126L, -1054317792L, 1669126076L, 59290192L, -2049331742L, 
-1053363864L, -88945332L, -1071079172L, -2035645710L, 223653632L, 
-1710817676L, 482099208L, -1978977862L, 220418000L, -581154324L, 
-1144281196L, 2055443154L, 960036448L, -535812788L, -1275771616L, 
780413570L, -1755768344L, 634683372L, -1225800132L, 1921304178L, 
-45962384L, -65918684L, -1569480136L, -851420774L, -115050032L, 
-1906940484L, 1965955220L, 3896450L, -2064079424L, 341347132L, 
1884368016L, -145335518L, 1294906888L, 193717516L, 918025628L, 
604548626L, -1488929920L, 1769067284L, 1789817128L, 71582778L, 
2132437968L, -119825812L, -797584844L, 1756060306L, -1401592480L, 
1567906124L, 1994270688L, 169653666L, -1309395544L, -630204788L, 
1607171516L, -971518350L, 806384624L, 2135846468L, 1265299544L, 
-390629318L, 1966235760L, -609150916L, 1815421204L, -1510956350L, 
618227424L, -1360971652L, -385435952L, -363120222L, 243181608L, 
1081608972L, -749876804L, -228158670L, 798685888L, -2137101260L, 
-705499448L, 1958720698L, -2030938480L, 1694260972L, 1494993492L, 
1237168786L, 62634272L, 338018764L, 1263313632L, -925929278L, 
1148398632L, 912889772L, -647882052L, -611300366L, -1558992L, 
-723566684L, -186380872L, -1528084646L, 140251280L, -1797686404L, 
2123981076L, -1071351486L, 2074394880L, -735900228L, -1657675440L, 
211605794L, 1004722760L, -1396527092L, -1983392164L, 392645074L, 
-676334080L, 402552148L, -492049176L, 725139706L, 556738256L, 
-854275284L, 1133482228L, -765748846L, -1100726944L, -724136948L, 
-926892832L, 835199586L, -1908407128L, 689929292L, 448796540L, 
85862153L, -1432186850L, 1716838860L, -536597603L, -1231935961L, 
-822989744L, 377394414L, -1383951973L, 1957513213L, -1895382294L, 
-1643620984L, -1262824655L, 405064611L, -2081350748L, -2147191214L, 
-2136091225L, 334959089L, 1325876534L, 575745492L, 1040024421L, 
-2132145297L, -1198963288L, -33989882L, 464805427L, -2039196523L, 
950881522L, 414006592L, 910656169L, 1589054235L, 2129509612L, 
639516922L, -52788945L, 874149177L, 387168078L, -1246462564L, 
289906445L, -195847817L, -689046144L, 1969314782L, 1142338731L, 
1144131501L, -172063718L, 1099492056L, -2045664447L, 1292899315L, 
169467412L, 827439010L, -134510409L, -1004383615L, -997035386L, 
1145012932L, -2091572235L, 1046592095L, 1655696568L, 143534486L, 
195146659L, 334997349L, -234692990L, -1508426768L, -88490599L, 
1928672139L, -547127684L, 1567093930L, -339138849L, -467813271L, 
-82569602L, 1033002604L, 1857651389L, -1842749561L, -1247900816L, 
1171487246L, 1241438011L, 224742429L, -1550154550L, 16138216L, 
-228569903L, 62171331L, -639410236L, -378856334L, 752563527L, 
85469457L, 1507794070L, 1065505268L, -1630977147L, 201214671L, 
-681125944L, 2067324518L, 1841868947L, 1053290485L, 1346349522L, 
-946720224L, 1164553225L, 1674031419L, -146123636L, -611081958L, 
1478678415L, 1628924121L, -1902254226L, -1317888260L, -1346315155L, 
1569105943L, 246829536L, -1620599362L, 1900913547L, -1749707763L, 
225063994L, -1828293512L, 1351508001L, -2028655917L, -1615009292L, 
1021825666L, 1211903767L, -24042015L, 805526310L, -656927196L, 
2000769237L, 541192319L, 209429784L, 379919414L, 1866433219L, 
1187491589L, 1121133218L, -2025254768L, -1385111495L, 865292523L, 
1224360412L, -129054710L, -1895188737L, -439195831L, -249602850L, 
-18759028L, -2052405667L, -1582642073L, 1064771984L, -1764359762L, 
566260827L, -1839553475L, 882338474L, 1379620680L, -1446454415L, 
-1675551517L, -1598868508L, 2121032466L, 1039838951L, 1510381745L, 
-691627274L, 807845140L, -695344603L, -1271697617L, -96186136L, 
